000000 102112
000001 102216
000002 102317
000003 104171
000004 026300
000005 000000
000006 000600
000007 000040
000010 000056
000011 000012
000012 000740
000013 001130
000014 001154
000015 001212
000016 001274
000017 000100
000020 000140
000021 000200
000022 000240
000023 000300
000024 000340
000025 000400
000026 000440
000027 000500
000030 000540
000031 001306
000032 001307
000033 001310
000034 001311
000035 001313
000036 001370
000037 001402
000100 102112
000101 104171
000102 102320
000103 026300
000104 102113
000105 104171
000106 102322
000107 026300
000110 002011
000111 144001
000112 102114
000113 104171
000114 102323
000115 026300
000116 002011
000117 144001
000120 102115
000121 104172
000122 102321
000123 026300
000124 102112
000125 104173
000126 002005
000127 004216
000130 102324
000131 026300
000140 102171
000141 002100
000142 020312
000143 144001
000144 104171
000145 002071
000146 014001
000147 004071
000150 102171
000151 026301
000152 102317
000153 026304
000200 102172
000201 142000
000202 002407
000203 164100
000204 025717
000205 002411
000206 164100
000207 025717
000210 004100
000211 104172
000212 002072
000213 014001
000214 004072
000215 102172
000216 026301
000217 002005
000220 004100
000221 102317
000222 026324
000240 102171
000241 002100
000242 020312
000243 144001
000244 104171
000245 002071
000246 014001
000247 004071
000250 102171
000251 026301
000252 102317
000253 026310
000300 102171
000301 002100
000302 020312
000303 144001
000304 104171
000305 002071
000306 014001
000307 004071
000310 102171
000311 026301
000312 102317
000313 026316
000340 102173
000341 002100
000342 020337
000343 002407
000344 164100
000345 025727
000346 002410
000347 164100
000350 025727
000351 002411
000352 164100
000353 025727
000354 104174
000355 102115
000356 104175
000357 002005
000360 004216
000361 102325
000362 026300
000363 002216
000364 020335
000365 102326
000366 026300
000367 104173
000370 002073
000371 014001
000372 004073
000373 102173
000374 026301
000375 102330
000376 026300
000377 102327
000400 026300
000400 102174
000401 002100
000402 102275
000403 002600
000404 020711
000405 164100
000406 025727
000407 102324
000410 026323
000411 002407
000412 164100
000413 025731
000414 002410
000415 164100
000416 025731
000417 002411
000420 164100
000421 025731
000422 002405
000423 164100
000424 025731
000425 102324
000426 026323
000427 102306
000430 026300
000431 102306
000432 026313
000440 102136
000441 002100
000442 020312
000443 144001
000444 104171
000445 002071
000446 014001
000447 004071
000450 102171
000451 026301
000452 000000
000500 102137
000501 002100
000502 020312
000503 144001
000504 104171
000505 002071
000506 014001
000507 004071
000510 102171
000511 026301
000512 000000
000540 102173
000541 002100
000542 020330
000543 002407
000544 164100
000545 025722
000546 002410
000547 164100
000550 025722
000551 002411
000552 164100
000553 025722
000554 104173
000555 002073
000556 014001
000557 004073
000560 102173
000561 026301
000562 104173
000563 002073
000564 014001
000565 004073
000566 102324
000567 026301
000570 102327
000571 026300
000600 104174
000601 002074
000602 014001
000603 004074
000604 102174
000605 104275
000606 002075
000607 014001
000610 004075
000611 102325
000612 026301
000613 002005
000614 014001
000615 004216
000616 102324
000617 026323
000740 000111
000741 000040
000742 000103
000743 000114
000744 000111
000745 000115
000746 000102
000747 000056
000750 000012
000751 000115
000752 000131
000753 000040
000754 000115
000755 000117
000756 000115
000757 000040
000760 000122
000761 000125
000762 000116
000763 000123
000764 000056
000765 000012
000766 000115
000767 000131
000770 000040
000771 000104
000772 000101
000773 000104
000774 000040
000775 000102
000776 000111
000777 000113
001000 000105
001001 000123
001002 000056
001003 000012
001004 000115
001005 000131
001006 000040
001007 000123
001010 000111
001011 000123
001012 000124
001013 000105
001014 000122
001015 000040
001016 000123
001017 000111
001020 000116
001021 000107
001022 000123
001023 000056
001024 000012
001025 000115
001026 000131
001027 000040
001030 000107
001031 000122
001032 000101
001033 000116
001034 000104
001035 000120
001036 000101
001037 000040
001040 000110
001041 000111
001042 000113
001043 000105
001044 000123
001045 000056
001046 000012
001047 000115
001050 000131
001051 000040
001052 000107
001053 000122
001054 000101
001055 000116
001056 000104
001057 000115
001060 000101
001061 000040
001062 000107
001063 000101
001064 000122
001065 000104
001066 000105
001067 000116
001070 000123
001071 000056
001072 000012
001073 000000
001130 000111
001131 000116
001132 000120
001133 000125
001134 000124
001135 000040
001136 000127
001137 000117
001140 000122
001141 000104
001142 000040
001143 000123
001144 000105
001145 000101
001146 000122
001147 000103
001150 000110
001151 000000
001154 000124
001155 000131
001156 000120
001157 000105
001160 000040
001161 000127
001162 000117
001163 000122
001164 000104
001165 000040
001166 000124
001167 000110
001170 000105
001171 000116
001172 000040
001173 000123
001174 000120
001175 000101
001176 000103
001177 000105
001200 000000
001212 000000
001213 000000
001214 000000
001215 000000
001216 000000
001217 000000
001220 000000
001221 000000
001222 000000
001223 000000
001224 000000
001225 000000
001226 000000
001227 000000
001230 000000
001231 000000
001274 000000
001275 000000
001276 000000
001277 000000
001300 000000
001301 000000
001302 000000
001303 000000
001304 000000
001305 000000
001306 000000
001307 000000
001310 000000
001311 000000
001312 000000
001313 000000
001370 000106
001371 000117
001372 000125
001373 000116
001374 000104
001375 000000
001402 000116
001403 000117
001404 000124
001405 000040
001406 000106
001407 000117
001410 000125
001411 000116
001412 000104
001413 000000
